(kicad_pcb (version 20171130) (host pcbnew "(6.0.0-rc1-dev-1-g01c5bdfb8)")

  (general
    (thickness 1.6)
    (drawings 14)
    (tracks 27)
    (zones 0)
    (modules 14)
    (nets 9)
  )

  (page A4)
  (layers
    (0 F.Cu signal)
    (31 B.Cu signal)
    (32 B.Adhes user)
    (33 F.Adhes user)
    (34 B.Paste user)
    (35 F.Paste user)
    (36 B.SilkS user)
    (37 F.SilkS user)
    (38 B.Mask user)
    (39 F.Mask user)
    (40 Dwgs.User user)
    (41 Cmts.User user)
    (42 Eco1.User user)
    (43 Eco2.User user)
    (44 Edge.Cuts user)
    (45 Margin user)
    (46 B.CrtYd user)
    (47 F.CrtYd user)
    (48 B.Fab user hide)
    (49 F.Fab user hide)
  )

  (setup
    (last_trace_width 0.25)
    (trace_clearance 0.2)
    (zone_clearance 0.2)
    (zone_45_only no)
    (trace_min 0.2)
    (segment_width 0.2)
    (edge_width 0.1)
    (via_size 0.8)
    (via_drill 0.4)
    (via_min_size 0.4)
    (via_min_drill 0.3)
    (uvia_size 0.3)
    (uvia_drill 0.1)
    (uvias_allowed no)
    (uvia_min_size 0.2)
    (uvia_min_drill 0.1)
    (pcb_text_width 0.3)
    (pcb_text_size 1.5 1.5)
    (mod_edge_width 0.15)
    (mod_text_size 0.6 0.6)
    (mod_text_width 0.1)
    (pad_size 1.5 1.5)
    (pad_drill 0.6)
    (pad_to_mask_clearance 0)
    (aux_axis_origin 0 0)
    (visible_elements FFFFFF7F)
    (pcbplotparams
      (layerselection 0x010fc_ffffffff)
      (usegerberextensions false)
      (usegerberattributes false)
      (usegerberadvancedattributes false)
      (creategerberjobfile false)
      (excludeedgelayer true)
      (linewidth 0.100000)
      (plotframeref false)
      (viasonmask false)
      (mode 1)
      (useauxorigin false)
      (hpglpennumber 1)
      (hpglpenspeed 20)
      (hpglpendiameter 15.000000)
      (psnegative false)
      (psa4output false)
      (plotreference true)
      (plotvalue true)
      (plotinvisibletext false)
      (padsonsilk false)
      (subtractmaskfromsilk false)
      (outputformat 1)
      (mirror false)
      (drillshape 1)
      (scaleselection 1)
      (outputdirectory ""))
  )

  (net 0 "")
  (net 1 VCC)
  (net 2 "Net-(P1-Pad3)")
  (net 3 "Net-(P1-Pad4)")
  (net 4 SDA)
  (net 5 GND)
  (net 6 SCL)
  (net 7 "Net-(D3-Pad2)")
  (net 8 VDD)

  (net_class Default "This is the default net class."
    (clearance 0.2)
    (trace_width 0.25)
    (via_dia 0.8)
    (via_drill 0.4)
    (uvia_dia 0.3)
    (uvia_drill 0.1)
    (add_net GND)
    (add_net "Net-(D3-Pad2)")
    (add_net "Net-(P1-Pad3)")
    (add_net "Net-(P1-Pad4)")
    (add_net SCL)
    (add_net SDA)
    (add_net VCC)
    (add_net VDD)
  )

  (module MountingHole:MountingHole_4.3mm_M4 (layer F.Cu) (tedit 5C2CBC72) (tstamp 5C39182D)
    (at 115 105.5)
    (descr "Mounting Hole 4.3mm, no annular, M4")
    (tags "mounting hole 4.3mm no annular m4")
    (path /5C2CC47B)
    (attr virtual)
    (fp_text reference H2 (at 0 -5.3) (layer F.SilkS) hide
      (effects (font (size 0.6 0.6) (thickness 0.1)))
    )
    (fp_text value MountingHole (at 0 5.3) (layer F.Fab)
      (effects (font (size 1 1) (thickness 0.15)))
    )
    (fp_text user %R (at 0.3 0) (layer F.Fab)
      (effects (font (size 1 1) (thickness 0.15)))
    )
    (fp_circle (center 0 0) (end 4.3 0) (layer Cmts.User) (width 0.15))
    (fp_circle (center 0 0) (end 4.55 0) (layer F.CrtYd) (width 0.05))
    (pad 1 np_thru_hole circle (at 0 0) (size 4.3 4.3) (drill 4.3) (layers *.Cu *.Mask))
  )

  (module MountingHole:MountingHole_4.3mm_M4 (layer F.Cu) (tedit 5C2CBC7C) (tstamp 5C39105A)
    (at 115 94.5)
    (descr "Mounting Hole 4.3mm, no annular, M4")
    (tags "mounting hole 4.3mm no annular m4")
    (path /5C2CC0FA)
    (attr virtual)
    (fp_text reference H1 (at 0 -5.3) (layer F.SilkS) hide
      (effects (font (size 0.6 0.6) (thickness 0.1)))
    )
    (fp_text value MountingHole (at 0 5.3) (layer F.Fab)
      (effects (font (size 1 1) (thickness 0.15)))
    )
    (fp_text user %R (at 0.3 0) (layer F.Fab)
      (effects (font (size 1 1) (thickness 0.15)))
    )
    (fp_circle (center 0 0) (end 4.3 0) (layer Cmts.User) (width 0.15))
    (fp_circle (center 0 0) (end 4.55 0) (layer F.CrtYd) (width 0.05))
    (pad 1 np_thru_hole circle (at 0 0) (size 4.3 4.3) (drill 4.3) (layers *.Cu *.Mask))
  )

  (module Connector_JST:JST_XH_B04B-XH-A_1x04_P2.50mm_Vertical (layer F.Cu) (tedit 5C2CBC9B) (tstamp 5C3900BE)
    (at 100 96.25 270)
    (descr "JST XH series connector, B04B-XH-A (http://www.jst-mfg.com/product/pdf/eng/eXH.pdf), generated with kicad-footprint-generator")
    (tags "connector JST XH side entry")
    (path /5AB40975)
    (fp_text reference J2 (at 3.75 -3.4 270) (layer F.SilkS) hide
      (effects (font (size 0.6 0.6) (thickness 0.1)))
    )
    (fp_text value Conn_01x04 (at 3.75 4.6 270) (layer F.Fab)
      (effects (font (size 1 1) (thickness 0.15)))
    )
    (fp_line (start -2.45 -2.35) (end -2.45 3.4) (layer F.Fab) (width 0.1))
    (fp_line (start -2.45 3.4) (end 9.95 3.4) (layer F.Fab) (width 0.1))
    (fp_line (start 9.95 3.4) (end 9.95 -2.35) (layer F.Fab) (width 0.1))
    (fp_line (start 9.95 -2.35) (end -2.45 -2.35) (layer F.Fab) (width 0.1))
    (fp_line (start -2.56 -2.46) (end -2.56 3.51) (layer F.SilkS) (width 0.12))
    (fp_line (start -2.56 3.51) (end 10.06 3.51) (layer F.SilkS) (width 0.12))
    (fp_line (start 10.06 3.51) (end 10.06 -2.46) (layer F.SilkS) (width 0.12))
    (fp_line (start 10.06 -2.46) (end -2.56 -2.46) (layer F.SilkS) (width 0.12))
    (fp_line (start -2.95 -2.85) (end -2.95 3.9) (layer F.CrtYd) (width 0.05))
    (fp_line (start -2.95 3.9) (end 10.45 3.9) (layer F.CrtYd) (width 0.05))
    (fp_line (start 10.45 3.9) (end 10.45 -2.85) (layer F.CrtYd) (width 0.05))
    (fp_line (start 10.45 -2.85) (end -2.95 -2.85) (layer F.CrtYd) (width 0.05))
    (fp_line (start -0.625 -2.35) (end 0 -1.35) (layer F.Fab) (width 0.1))
    (fp_line (start 0 -1.35) (end 0.625 -2.35) (layer F.Fab) (width 0.1))
    (fp_line (start 0.75 -2.45) (end 0.75 -1.7) (layer F.SilkS) (width 0.12))
    (fp_line (start 0.75 -1.7) (end 6.75 -1.7) (layer F.SilkS) (width 0.12))
    (fp_line (start 6.75 -1.7) (end 6.75 -2.45) (layer F.SilkS) (width 0.12))
    (fp_line (start 6.75 -2.45) (end 0.75 -2.45) (layer F.SilkS) (width 0.12))
    (fp_line (start -2.55 -2.45) (end -2.55 -1.7) (layer F.SilkS) (width 0.12))
    (fp_line (start -2.55 -1.7) (end -0.75 -1.7) (layer F.SilkS) (width 0.12))
    (fp_line (start -0.75 -1.7) (end -0.75 -2.45) (layer F.SilkS) (width 0.12))
    (fp_line (start -0.75 -2.45) (end -2.55 -2.45) (layer F.SilkS) (width 0.12))
    (fp_line (start 8.25 -2.45) (end 8.25 -1.7) (layer F.SilkS) (width 0.12))
    (fp_line (start 8.25 -1.7) (end 10.05 -1.7) (layer F.SilkS) (width 0.12))
    (fp_line (start 10.05 -1.7) (end 10.05 -2.45) (layer F.SilkS) (width 0.12))
    (fp_line (start 10.05 -2.45) (end 8.25 -2.45) (layer F.SilkS) (width 0.12))
    (fp_line (start -2.55 -0.2) (end -1.8 -0.2) (layer F.SilkS) (width 0.12))
    (fp_line (start -1.8 -0.2) (end -1.8 2.75) (layer F.SilkS) (width 0.12))
    (fp_line (start -1.8 2.75) (end 3.75 2.75) (layer F.SilkS) (width 0.12))
    (fp_line (start 10.05 -0.2) (end 9.3 -0.2) (layer F.SilkS) (width 0.12))
    (fp_line (start 9.3 -0.2) (end 9.3 2.75) (layer F.SilkS) (width 0.12))
    (fp_line (start 9.3 2.75) (end 3.75 2.75) (layer F.SilkS) (width 0.12))
    (fp_line (start -1.6 -2.75) (end -2.85 -2.75) (layer F.SilkS) (width 0.12))
    (fp_line (start -2.85 -2.75) (end -2.85 -1.5) (layer F.SilkS) (width 0.12))
    (fp_text user %R (at 3.75 2.7 270) (layer F.Fab)
      (effects (font (size 1 1) (thickness 0.15)))
    )
    (pad 1 thru_hole roundrect (at 0 0 270) (size 1.7 1.95) (drill 0.95) (layers *.Cu *.Mask) (roundrect_rratio 0.147059)
      (net 8 VDD))
    (pad 2 thru_hole oval (at 2.5 0 270) (size 1.7 1.95) (drill 0.95) (layers *.Cu *.Mask)
      (net 6 SCL))
    (pad 3 thru_hole oval (at 5 0 270) (size 1.7 1.95) (drill 0.95) (layers *.Cu *.Mask)
      (net 4 SDA))
    (pad 4 thru_hole oval (at 7.5 0 270) (size 1.7 1.95) (drill 0.95) (layers *.Cu *.Mask)
      (net 5 GND))
    (model ${KISYS3DMOD}/Connector_JST.3dshapes/JST_XH_B04B-XH-A_1x04_P2.50mm_Vertical.wrl
      (at (xyz 0 0 0))
      (scale (xyz 1 1 1))
      (rotate (xyz 0 0 0))
    )
  )

  (module Package_TO_SOT_SMD:SOT-89-3_Handsoldering (layer F.Cu) (tedit 5C2CBC9F) (tstamp 5C39006F)
    (at 106.5 96 90)
    (descr "SOT-89-3 Handsoldering")
    (tags "SOT-89-3 Handsoldering")
    (path /5AE0F904)
    (attr smd)
    (fp_text reference U1 (at -1.8 -3.1 180) (layer F.SilkS)
      (effects (font (size 0.6 0.6) (thickness 0.1)))
    )
    (fp_text value L7805SOT89 (at 0.5 3.15 90) (layer F.Fab)
      (effects (font (size 1 1) (thickness 0.15)))
    )
    (fp_text user %R (at 0.38 0 180) (layer F.Fab)
      (effects (font (size 0.6 0.6) (thickness 0.09)))
    )
    (fp_line (start -3.5 2.55) (end 4.25 2.55) (layer F.CrtYd) (width 0.05))
    (fp_line (start 4.25 2.55) (end 4.25 -2.55) (layer F.CrtYd) (width 0.05))
    (fp_line (start 4.25 -2.55) (end -3.5 -2.55) (layer F.CrtYd) (width 0.05))
    (fp_line (start -3.5 -2.55) (end -3.5 2.55) (layer F.CrtYd) (width 0.05))
    (fp_line (start 1.78 1.2) (end 1.78 2.4) (layer F.SilkS) (width 0.12))
    (fp_line (start 1.78 2.4) (end -0.92 2.4) (layer F.SilkS) (width 0.12))
    (fp_line (start -2.22 -2.4) (end 1.78 -2.4) (layer F.SilkS) (width 0.12))
    (fp_line (start 1.78 -2.4) (end 1.78 -1.2) (layer F.SilkS) (width 0.12))
    (fp_line (start -0.92 -1.51) (end -0.13 -2.3) (layer F.Fab) (width 0.1))
    (fp_line (start 1.68 -2.3) (end 1.68 2.3) (layer F.Fab) (width 0.1))
    (fp_line (start 1.68 2.3) (end -0.92 2.3) (layer F.Fab) (width 0.1))
    (fp_line (start -0.92 2.3) (end -0.92 -1.51) (layer F.Fab) (width 0.1))
    (fp_line (start -0.13 -2.3) (end 1.68 -2.3) (layer F.Fab) (width 0.1))
    (pad 1 smd rect (at -1.98 -1.5) (size 1 2.5) (layers F.Cu F.Paste F.Mask)
      (net 8 VDD))
    (pad 2 smd rect (at -1.98 0) (size 1 2.5) (layers F.Cu F.Paste F.Mask)
      (net 5 GND))
    (pad 3 smd rect (at -1.98 1.5) (size 1 2.5) (layers F.Cu F.Paste F.Mask)
      (net 1 VCC))
    (pad 2 smd rect (at 1.98 0) (size 2 4) (layers F.Cu F.Paste F.Mask)
      (net 5 GND))
    (pad 2 smd trapezoid (at -0.37 0 180) (size 1.5 0.75) (rect_delta 0 0.5 ) (layers F.Cu F.Paste F.Mask)
      (net 5 GND))
    (model ${KISYS3DMOD}/Package_TO_SOT_SMD.3dshapes/SOT-89-3.wrl
      (at (xyz 0 0 0))
      (scale (xyz 1 1 1))
      (rotate (xyz 0 0 0))
    )
  )

  (module Capacitor_SMD:C_0603_1608Metric (layer F.Cu) (tedit 5B301BBE) (tstamp 5C38FB78)
    (at 121.5 96.5 90)
    (descr "Capacitor SMD 0603 (1608 Metric), square (rectangular) end terminal, IPC_7351 nominal, (Body size source: http://www.tortai-tech.com/upload/download/2011102023233369053.pdf), generated with kicad-footprint-generator")
    (tags capacitor)
    (path /5AD35928)
    (attr smd)
    (fp_text reference C8 (at 0 1.1 90) (layer F.SilkS)
      (effects (font (size 0.6 0.6) (thickness 0.1)))
    )
    (fp_text value 10p (at 0 1.43 90) (layer F.Fab)
      (effects (font (size 1 1) (thickness 0.15)))
    )
    (fp_text user %R (at 0 0 90) (layer F.Fab)
      (effects (font (size 0.4 0.4) (thickness 0.06)))
    )
    (fp_line (start 1.48 0.73) (end -1.48 0.73) (layer F.CrtYd) (width 0.05))
    (fp_line (start 1.48 -0.73) (end 1.48 0.73) (layer F.CrtYd) (width 0.05))
    (fp_line (start -1.48 -0.73) (end 1.48 -0.73) (layer F.CrtYd) (width 0.05))
    (fp_line (start -1.48 0.73) (end -1.48 -0.73) (layer F.CrtYd) (width 0.05))
    (fp_line (start -0.162779 0.51) (end 0.162779 0.51) (layer F.SilkS) (width 0.12))
    (fp_line (start -0.162779 -0.51) (end 0.162779 -0.51) (layer F.SilkS) (width 0.12))
    (fp_line (start 0.8 0.4) (end -0.8 0.4) (layer F.Fab) (width 0.1))
    (fp_line (start 0.8 -0.4) (end 0.8 0.4) (layer F.Fab) (width 0.1))
    (fp_line (start -0.8 -0.4) (end 0.8 -0.4) (layer F.Fab) (width 0.1))
    (fp_line (start -0.8 0.4) (end -0.8 -0.4) (layer F.Fab) (width 0.1))
    (pad 2 smd roundrect (at 0.7875 0 90) (size 0.875 0.95) (layers F.Cu F.Paste F.Mask) (roundrect_rratio 0.25)
      (net 5 GND))
    (pad 1 smd roundrect (at -0.7875 0 90) (size 0.875 0.95) (layers F.Cu F.Paste F.Mask) (roundrect_rratio 0.25)
      (net 4 SDA))
    (model ${KISYS3DMOD}/Capacitor_SMD.3dshapes/C_0603_1608Metric.wrl
      (at (xyz 0 0 0))
      (scale (xyz 1 1 1))
      (rotate (xyz 0 0 0))
    )
  )

  (module Capacitor_SMD:C_0603_1608Metric (layer F.Cu) (tedit 5B301BBE) (tstamp 5C38FB67)
    (at 121.5 103.5 90)
    (descr "Capacitor SMD 0603 (1608 Metric), square (rectangular) end terminal, IPC_7351 nominal, (Body size source: http://www.tortai-tech.com/upload/download/2011102023233369053.pdf), generated with kicad-footprint-generator")
    (tags capacitor)
    (path /5AD359AD)
    (attr smd)
    (fp_text reference C7 (at 0 1.1 90) (layer F.SilkS)
      (effects (font (size 0.6 0.6) (thickness 0.1)))
    )
    (fp_text value 10p (at 0 1.43 90) (layer F.Fab)
      (effects (font (size 1 1) (thickness 0.15)))
    )
    (fp_line (start -0.8 0.4) (end -0.8 -0.4) (layer F.Fab) (width 0.1))
    (fp_line (start -0.8 -0.4) (end 0.8 -0.4) (layer F.Fab) (width 0.1))
    (fp_line (start 0.8 -0.4) (end 0.8 0.4) (layer F.Fab) (width 0.1))
    (fp_line (start 0.8 0.4) (end -0.8 0.4) (layer F.Fab) (width 0.1))
    (fp_line (start -0.162779 -0.51) (end 0.162779 -0.51) (layer F.SilkS) (width 0.12))
    (fp_line (start -0.162779 0.51) (end 0.162779 0.51) (layer F.SilkS) (width 0.12))
    (fp_line (start -1.48 0.73) (end -1.48 -0.73) (layer F.CrtYd) (width 0.05))
    (fp_line (start -1.48 -0.73) (end 1.48 -0.73) (layer F.CrtYd) (width 0.05))
    (fp_line (start 1.48 -0.73) (end 1.48 0.73) (layer F.CrtYd) (width 0.05))
    (fp_line (start 1.48 0.73) (end -1.48 0.73) (layer F.CrtYd) (width 0.05))
    (fp_text user %R (at 0 0 90) (layer F.Fab)
      (effects (font (size 0.4 0.4) (thickness 0.06)))
    )
    (pad 1 smd roundrect (at -0.7875 0 90) (size 0.875 0.95) (layers F.Cu F.Paste F.Mask) (roundrect_rratio 0.25)
      (net 5 GND))
    (pad 2 smd roundrect (at 0.7875 0 90) (size 0.875 0.95) (layers F.Cu F.Paste F.Mask) (roundrect_rratio 0.25)
      (net 6 SCL))
    (model ${KISYS3DMOD}/Capacitor_SMD.3dshapes/C_0603_1608Metric.wrl
      (at (xyz 0 0 0))
      (scale (xyz 1 1 1))
      (rotate (xyz 0 0 0))
    )
  )

  (module Capacitor_SMD:C_0603_1608Metric (layer F.Cu) (tedit 5B301BBE) (tstamp 5C38FB56)
    (at 108 100.5 180)
    (descr "Capacitor SMD 0603 (1608 Metric), square (rectangular) end terminal, IPC_7351 nominal, (Body size source: http://www.tortai-tech.com/upload/download/2011102023233369053.pdf), generated with kicad-footprint-generator")
    (tags capacitor)
    (path /5AB407B6)
    (attr smd)
    (fp_text reference C4 (at 0.6 -1.1 180) (layer F.SilkS)
      (effects (font (size 0.6 0.6) (thickness 0.1)))
    )
    (fp_text value 1uF (at 0 1.43 180) (layer F.Fab)
      (effects (font (size 1 1) (thickness 0.15)))
    )
    (fp_text user %R (at 0 0 180) (layer F.Fab)
      (effects (font (size 0.4 0.4) (thickness 0.06)))
    )
    (fp_line (start 1.48 0.73) (end -1.48 0.73) (layer F.CrtYd) (width 0.05))
    (fp_line (start 1.48 -0.73) (end 1.48 0.73) (layer F.CrtYd) (width 0.05))
    (fp_line (start -1.48 -0.73) (end 1.48 -0.73) (layer F.CrtYd) (width 0.05))
    (fp_line (start -1.48 0.73) (end -1.48 -0.73) (layer F.CrtYd) (width 0.05))
    (fp_line (start -0.162779 0.51) (end 0.162779 0.51) (layer F.SilkS) (width 0.12))
    (fp_line (start -0.162779 -0.51) (end 0.162779 -0.51) (layer F.SilkS) (width 0.12))
    (fp_line (start 0.8 0.4) (end -0.8 0.4) (layer F.Fab) (width 0.1))
    (fp_line (start 0.8 -0.4) (end 0.8 0.4) (layer F.Fab) (width 0.1))
    (fp_line (start -0.8 -0.4) (end 0.8 -0.4) (layer F.Fab) (width 0.1))
    (fp_line (start -0.8 0.4) (end -0.8 -0.4) (layer F.Fab) (width 0.1))
    (pad 2 smd roundrect (at 0.7875 0 180) (size 0.875 0.95) (layers F.Cu F.Paste F.Mask) (roundrect_rratio 0.25)
      (net 5 GND))
    (pad 1 smd roundrect (at -0.7875 0 180) (size 0.875 0.95) (layers F.Cu F.Paste F.Mask) (roundrect_rratio 0.25)
      (net 1 VCC))
    (model ${KISYS3DMOD}/Capacitor_SMD.3dshapes/C_0603_1608Metric.wrl
      (at (xyz 0 0 0))
      (scale (xyz 1 1 1))
      (rotate (xyz 0 0 0))
    )
  )

  (module Capacitor_SMD:C_0603_1608Metric (layer F.Cu) (tedit 5B301BBE) (tstamp 5C38FB45)
    (at 105 100.5)
    (descr "Capacitor SMD 0603 (1608 Metric), square (rectangular) end terminal, IPC_7351 nominal, (Body size source: http://www.tortai-tech.com/upload/download/2011102023233369053.pdf), generated with kicad-footprint-generator")
    (tags capacitor)
    (path /5AB40828)
    (attr smd)
    (fp_text reference C3 (at 0 1.1) (layer F.SilkS)
      (effects (font (size 0.6 0.6) (thickness 0.1)))
    )
    (fp_text value 1uF (at 0 1.43) (layer F.Fab)
      (effects (font (size 1 1) (thickness 0.15)))
    )
    (fp_line (start -0.8 0.4) (end -0.8 -0.4) (layer F.Fab) (width 0.1))
    (fp_line (start -0.8 -0.4) (end 0.8 -0.4) (layer F.Fab) (width 0.1))
    (fp_line (start 0.8 -0.4) (end 0.8 0.4) (layer F.Fab) (width 0.1))
    (fp_line (start 0.8 0.4) (end -0.8 0.4) (layer F.Fab) (width 0.1))
    (fp_line (start -0.162779 -0.51) (end 0.162779 -0.51) (layer F.SilkS) (width 0.12))
    (fp_line (start -0.162779 0.51) (end 0.162779 0.51) (layer F.SilkS) (width 0.12))
    (fp_line (start -1.48 0.73) (end -1.48 -0.73) (layer F.CrtYd) (width 0.05))
    (fp_line (start -1.48 -0.73) (end 1.48 -0.73) (layer F.CrtYd) (width 0.05))
    (fp_line (start 1.48 -0.73) (end 1.48 0.73) (layer F.CrtYd) (width 0.05))
    (fp_line (start 1.48 0.73) (end -1.48 0.73) (layer F.CrtYd) (width 0.05))
    (fp_text user %R (at 0 0) (layer F.Fab)
      (effects (font (size 0.4 0.4) (thickness 0.06)))
    )
    (pad 1 smd roundrect (at -0.7875 0) (size 0.875 0.95) (layers F.Cu F.Paste F.Mask) (roundrect_rratio 0.25)
      (net 8 VDD))
    (pad 2 smd roundrect (at 0.7875 0) (size 0.875 0.95) (layers F.Cu F.Paste F.Mask) (roundrect_rratio 0.25)
      (net 5 GND))
    (model ${KISYS3DMOD}/Capacitor_SMD.3dshapes/C_0603_1608Metric.wrl
      (at (xyz 0 0 0))
      (scale (xyz 1 1 1))
      (rotate (xyz 0 0 0))
    )
  )

  (module LED_SMD:LED_0805_2012Metric (layer F.Cu) (tedit 5C2CBCB8) (tstamp 5C38FB34)
    (at 105.5 103.5)
    (descr "LED SMD 0805 (2012 Metric), square (rectangular) end terminal, IPC_7351 nominal, (Body size source: https://docs.google.com/spreadsheets/d/1BsfQQcO9C6DZCsRaXUlFlo91Tg2WpOkGARC1WS5S8t0/edit?usp=sharing), generated with kicad-footprint-generator")
    (tags diode)
    (path /5AB41F7D)
    (attr smd)
    (fp_text reference D3 (at 0 1.5) (layer F.SilkS) hide
      (effects (font (size 0.6 0.6) (thickness 0.1)))
    )
    (fp_text value LED (at 0 1.65) (layer F.Fab)
      (effects (font (size 1 1) (thickness 0.15)))
    )
    (fp_line (start 1 -0.6) (end -0.7 -0.6) (layer F.Fab) (width 0.1))
    (fp_line (start -0.7 -0.6) (end -1 -0.3) (layer F.Fab) (width 0.1))
    (fp_line (start -1 -0.3) (end -1 0.6) (layer F.Fab) (width 0.1))
    (fp_line (start -1 0.6) (end 1 0.6) (layer F.Fab) (width 0.1))
    (fp_line (start 1 0.6) (end 1 -0.6) (layer F.Fab) (width 0.1))
    (fp_line (start 1 -0.96) (end -1.685 -0.96) (layer F.SilkS) (width 0.12))
    (fp_line (start -1.685 -0.96) (end -1.685 0.96) (layer F.SilkS) (width 0.12))
    (fp_line (start -1.685 0.96) (end 1 0.96) (layer F.SilkS) (width 0.12))
    (fp_line (start -1.68 0.95) (end -1.68 -0.95) (layer F.CrtYd) (width 0.05))
    (fp_line (start -1.68 -0.95) (end 1.68 -0.95) (layer F.CrtYd) (width 0.05))
    (fp_line (start 1.68 -0.95) (end 1.68 0.95) (layer F.CrtYd) (width 0.05))
    (fp_line (start 1.68 0.95) (end -1.68 0.95) (layer F.CrtYd) (width 0.05))
    (fp_text user %R (at 0 0) (layer F.Fab)
      (effects (font (size 0.5 0.5) (thickness 0.08)))
    )
    (pad 1 smd roundrect (at -0.9375 0) (size 0.975 1.4) (layers F.Cu F.Paste F.Mask) (roundrect_rratio 0.25)
      (net 5 GND))
    (pad 2 smd roundrect (at 0.9375 0) (size 0.975 1.4) (layers F.Cu F.Paste F.Mask) (roundrect_rratio 0.25)
      (net 7 "Net-(D3-Pad2)"))
    (model ${KISYS3DMOD}/LED_SMD.3dshapes/LED_0805_2012Metric.wrl
      (at (xyz 0 0 0))
      (scale (xyz 1 1 1))
      (rotate (xyz 0 0 0))
    )
  )

  (module Resistor_SMD:R_0603_1608Metric (layer F.Cu) (tedit 5B301BBD) (tstamp 5C38FAFF)
    (at 120 101.787501 270)
    (descr "Resistor SMD 0603 (1608 Metric), square (rectangular) end terminal, IPC_7351 nominal, (Body size source: http://www.tortai-tech.com/upload/download/2011102023233369053.pdf), generated with kicad-footprint-generator")
    (tags resistor)
    (path /5AC3F1E0)
    (attr smd)
    (fp_text reference R5 (at 0.012499 1.2 270) (layer F.SilkS)
      (effects (font (size 0.6 0.6) (thickness 0.1)))
    )
    (fp_text value 3k3 (at 0 1.43 270) (layer F.Fab)
      (effects (font (size 1 1) (thickness 0.15)))
    )
    (fp_line (start -0.8 0.4) (end -0.8 -0.4) (layer F.Fab) (width 0.1))
    (fp_line (start -0.8 -0.4) (end 0.8 -0.4) (layer F.Fab) (width 0.1))
    (fp_line (start 0.8 -0.4) (end 0.8 0.4) (layer F.Fab) (width 0.1))
    (fp_line (start 0.8 0.4) (end -0.8 0.4) (layer F.Fab) (width 0.1))
    (fp_line (start -0.162779 -0.51) (end 0.162779 -0.51) (layer F.SilkS) (width 0.12))
    (fp_line (start -0.162779 0.51) (end 0.162779 0.51) (layer F.SilkS) (width 0.12))
    (fp_line (start -1.48 0.73) (end -1.48 -0.73) (layer F.CrtYd) (width 0.05))
    (fp_line (start -1.48 -0.73) (end 1.48 -0.73) (layer F.CrtYd) (width 0.05))
    (fp_line (start 1.48 -0.73) (end 1.48 0.73) (layer F.CrtYd) (width 0.05))
    (fp_line (start 1.48 0.73) (end -1.48 0.73) (layer F.CrtYd) (width 0.05))
    (fp_text user %R (at 0 0 270) (layer F.Fab)
      (effects (font (size 0.4 0.4) (thickness 0.06)))
    )
    (pad 1 smd roundrect (at -0.7875 0 270) (size 0.875 0.95) (layers F.Cu F.Paste F.Mask) (roundrect_rratio 0.25)
      (net 1 VCC))
    (pad 2 smd roundrect (at 0.7875 0 270) (size 0.875 0.95) (layers F.Cu F.Paste F.Mask) (roundrect_rratio 0.25)
      (net 6 SCL))
    (model ${KISYS3DMOD}/Resistor_SMD.3dshapes/R_0603_1608Metric.wrl
      (at (xyz 0 0 0))
      (scale (xyz 1 1 1))
      (rotate (xyz 0 0 0))
    )
  )

  (module Resistor_SMD:R_0603_1608Metric (layer F.Cu) (tedit 5B301BBD) (tstamp 5C38FAEE)
    (at 120 98 90)
    (descr "Resistor SMD 0603 (1608 Metric), square (rectangular) end terminal, IPC_7351 nominal, (Body size source: http://www.tortai-tech.com/upload/download/2011102023233369053.pdf), generated with kicad-footprint-generator")
    (tags resistor)
    (path /5AC3F27A)
    (attr smd)
    (fp_text reference R4 (at 0 -1.2 90) (layer F.SilkS)
      (effects (font (size 0.6 0.6) (thickness 0.1)))
    )
    (fp_text value 3k3 (at 0 1.43 90) (layer F.Fab)
      (effects (font (size 1 1) (thickness 0.15)))
    )
    (fp_text user %R (at 0 0 90) (layer F.Fab)
      (effects (font (size 0.4 0.4) (thickness 0.06)))
    )
    (fp_line (start 1.48 0.73) (end -1.48 0.73) (layer F.CrtYd) (width 0.05))
    (fp_line (start 1.48 -0.73) (end 1.48 0.73) (layer F.CrtYd) (width 0.05))
    (fp_line (start -1.48 -0.73) (end 1.48 -0.73) (layer F.CrtYd) (width 0.05))
    (fp_line (start -1.48 0.73) (end -1.48 -0.73) (layer F.CrtYd) (width 0.05))
    (fp_line (start -0.162779 0.51) (end 0.162779 0.51) (layer F.SilkS) (width 0.12))
    (fp_line (start -0.162779 -0.51) (end 0.162779 -0.51) (layer F.SilkS) (width 0.12))
    (fp_line (start 0.8 0.4) (end -0.8 0.4) (layer F.Fab) (width 0.1))
    (fp_line (start 0.8 -0.4) (end 0.8 0.4) (layer F.Fab) (width 0.1))
    (fp_line (start -0.8 -0.4) (end 0.8 -0.4) (layer F.Fab) (width 0.1))
    (fp_line (start -0.8 0.4) (end -0.8 -0.4) (layer F.Fab) (width 0.1))
    (pad 2 smd roundrect (at 0.7875 0 90) (size 0.875 0.95) (layers F.Cu F.Paste F.Mask) (roundrect_rratio 0.25)
      (net 4 SDA))
    (pad 1 smd roundrect (at -0.7875 0 90) (size 0.875 0.95) (layers F.Cu F.Paste F.Mask) (roundrect_rratio 0.25)
      (net 1 VCC))
    (model ${KISYS3DMOD}/Resistor_SMD.3dshapes/R_0603_1608Metric.wrl
      (at (xyz 0 0 0))
      (scale (xyz 1 1 1))
      (rotate (xyz 0 0 0))
    )
  )

  (module Resistor_SMD:R_0603_1608Metric (layer F.Cu) (tedit 5B301BBD) (tstamp 5C38FADD)
    (at 109 102.5)
    (descr "Resistor SMD 0603 (1608 Metric), square (rectangular) end terminal, IPC_7351 nominal, (Body size source: http://www.tortai-tech.com/upload/download/2011102023233369053.pdf), generated with kicad-footprint-generator")
    (tags resistor)
    (path /5AB42057)
    (attr smd)
    (fp_text reference R3 (at 0 1.1) (layer F.SilkS)
      (effects (font (size 0.6 0.6) (thickness 0.1)))
    )
    (fp_text value 220Ohm (at 0 1.43) (layer F.Fab)
      (effects (font (size 1 1) (thickness 0.15)))
    )
    (fp_line (start -0.8 0.4) (end -0.8 -0.4) (layer F.Fab) (width 0.1))
    (fp_line (start -0.8 -0.4) (end 0.8 -0.4) (layer F.Fab) (width 0.1))
    (fp_line (start 0.8 -0.4) (end 0.8 0.4) (layer F.Fab) (width 0.1))
    (fp_line (start 0.8 0.4) (end -0.8 0.4) (layer F.Fab) (width 0.1))
    (fp_line (start -0.162779 -0.51) (end 0.162779 -0.51) (layer F.SilkS) (width 0.12))
    (fp_line (start -0.162779 0.51) (end 0.162779 0.51) (layer F.SilkS) (width 0.12))
    (fp_line (start -1.48 0.73) (end -1.48 -0.73) (layer F.CrtYd) (width 0.05))
    (fp_line (start -1.48 -0.73) (end 1.48 -0.73) (layer F.CrtYd) (width 0.05))
    (fp_line (start 1.48 -0.73) (end 1.48 0.73) (layer F.CrtYd) (width 0.05))
    (fp_line (start 1.48 0.73) (end -1.48 0.73) (layer F.CrtYd) (width 0.05))
    (fp_text user %R (at 0 0) (layer F.Fab)
      (effects (font (size 0.4 0.4) (thickness 0.06)))
    )
    (pad 1 smd roundrect (at -0.7875 0) (size 0.875 0.95) (layers F.Cu F.Paste F.Mask) (roundrect_rratio 0.25)
      (net 7 "Net-(D3-Pad2)"))
    (pad 2 smd roundrect (at 0.7875 0) (size 0.875 0.95) (layers F.Cu F.Paste F.Mask) (roundrect_rratio 0.25)
      (net 1 VCC))
    (model ${KISYS3DMOD}/Resistor_SMD.3dshapes/R_0603_1608Metric.wrl
      (at (xyz 0 0 0))
      (scale (xyz 1 1 1))
      (rotate (xyz 0 0 0))
    )
  )

  (module otter:CONN_WII (layer F.Cu) (tedit 5C2CBC78) (tstamp 5C38FAA4)
    (at 130 100 270)
    (path /5C2CB495)
    (fp_text reference P1 (at -3.175 2.54 270) (layer F.SilkS) hide
      (effects (font (size 0.6 0.6) (thickness 0.1)))
    )
    (fp_text value CONN_WII (at 5.08 2.54 270) (layer F.SilkS) hide
      (effects (font (size 1 1) (thickness 0.15)))
    )
    (fp_line (start -6.35 -4.572) (end -6.35 -6.858) (layer F.SilkS) (width 0.15))
    (fp_line (start -6.35 -6.858) (end 6.35 -6.858) (layer F.SilkS) (width 0.15))
    (fp_line (start 6.35 -6.858) (end 6.35 -4.572) (layer F.SilkS) (width 0.15))
    (fp_line (start 6.35 0.762) (end 6.35 -0.508) (layer F.SilkS) (width 0.15))
    (fp_line (start -6.35 0.762) (end -6.35 -0.508) (layer F.SilkS) (width 0.15))
    (fp_line (start -6.35 6.858) (end -6.35 4.826) (layer F.SilkS) (width 0.15))
    (fp_line (start 6.35 6.858) (end 6.35 4.826) (layer F.SilkS) (width 0.15))
    (fp_line (start 6.35 6.858) (end -6.35 6.858) (layer F.SilkS) (width 0.15))
    (pad 1 thru_hole rect (at 1.905 5.588 270) (size 1.27 1.27) (drill 0.635) (layers *.Cu *.Mask F.SilkS)
      (net 1 VCC))
    (pad 2 thru_hole circle (at 1.905 3.683 270) (size 1.27 1.27) (drill 0.635) (layers *.Cu *.Mask F.SilkS)
      (net 6 SCL))
    (pad 3 thru_hole circle (at 0 5.588 270) (size 1.27 1.27) (drill 0.635) (layers *.Cu *.Mask F.SilkS)
      (net 2 "Net-(P1-Pad3)"))
    (pad 4 thru_hole circle (at 0 3.683 270) (size 1.27 1.27) (drill 0.635) (layers *.Cu *.Mask F.SilkS)
      (net 3 "Net-(P1-Pad4)"))
    (pad 5 thru_hole circle (at -1.905 5.588 270) (size 1.27 1.27) (drill 0.635) (layers *.Cu *.Mask F.SilkS)
      (net 4 SDA))
    (pad 6 thru_hole circle (at -1.905 3.683 270) (size 1.27 1.27) (drill 0.635) (layers *.Cu *.Mask F.SilkS)
      (net 5 GND))
    (pad "" thru_hole circle (at 6.35 2.794 270) (size 3.048 3.048) (drill 1.905) (layers *.Cu *.Mask F.SilkS))
    (pad "" thru_hole circle (at -6.35 -2.54 270) (size 3.048 3.048) (drill 1.905) (layers *.Cu *.Mask F.SilkS))
    (pad "" thru_hole circle (at 6.35 -2.54 270) (size 3.048 3.048) (drill 1.905) (layers *.Cu *.Mask F.SilkS))
    (pad "" thru_hole circle (at -6.35 2.794 270) (size 3.048 3.048) (drill 1.905) (layers *.Cu *.Mask F.SilkS))
  )

  (module otter:otter_small25 (layer B.Cu) (tedit 0) (tstamp 5C3978DF)
    (at 107 100 180)
    (fp_text reference G*** (at 0 0 180) (layer B.SilkS) hide
      (effects (font (size 1.524 1.524) (thickness 0.3)) (justify mirror))
    )
    (fp_text value LOGO (at 0.75 0 180) (layer B.SilkS) hide
      (effects (font (size 1.524 1.524) (thickness 0.3)) (justify mirror))
    )
    (fp_poly (pts (xy -1.485295 5.525105) (xy -1.483558 5.50788) (xy -1.485295 5.505753) (xy -1.493924 5.507745)
      (xy -1.494971 5.515429) (xy -1.489661 5.527376) (xy -1.485295 5.525105)) (layer B.SilkS) (width 0.01))
    (fp_poly (pts (xy -1.432408 5.967164) (xy -1.423149 5.942473) (xy -1.409501 5.897565) (xy -1.392738 5.836427)
      (xy -1.386637 5.812972) (xy -1.330831 5.620263) (xy -1.265988 5.446105) (xy -1.187739 5.280399)
      (xy -1.091714 5.113045) (xy -1.066324 5.072743) (xy -0.968718 4.934583) (xy -0.852952 4.79445)
      (xy -0.727508 4.661905) (xy -0.600864 4.546512) (xy -0.596256 4.542688) (xy -0.552364 4.505917)
      (xy -0.514222 4.473117) (xy -0.491027 4.452258) (xy -0.465432 4.432783) (xy -0.449943 4.426858)
      (xy -0.435833 4.417615) (xy -0.435428 4.414788) (xy -0.42422 4.400914) (xy -0.395275 4.377687)
      (xy -0.366485 4.357836) (xy -0.321399 4.326817) (xy -0.281699 4.296711) (xy -0.265492 4.28282)
      (xy -0.240337 4.261474) (xy -0.225157 4.252686) (xy -0.210625 4.245088) (xy -0.176819 4.224318)
      (xy -0.128547 4.193412) (xy -0.070617 4.155407) (xy -0.061264 4.149197) (xy 0.149251 4.014869)
      (xy 0.345801 3.901363) (xy 0.435429 3.854061) (xy 0.534984 3.800911) (xy 0.638966 3.741395)
      (xy 0.741971 3.678939) (xy 0.838599 3.616971) (xy 0.923448 3.558919) (xy 0.991117 3.508209)
      (xy 1.022532 3.481541) (xy 1.033304 3.468615) (xy 1.024178 3.469174) (xy 0.999735 3.481106)
      (xy 0.964557 3.502295) (xy 0.936172 3.521383) (xy 0.855867 3.575324) (xy 0.772516 3.626103)
      (xy 0.680264 3.676926) (xy 0.573253 3.731) (xy 0.445627 3.791533) (xy 0.427451 3.799935)
      (xy 0.346372 3.837496) (xy 0.27165 3.872429) (xy 0.208399 3.902319) (xy 0.161734 3.92475)
      (xy 0.137886 3.936702) (xy 0.093997 3.959916) (xy 0.046515 3.984646) (xy 0.043543 3.986178)
      (xy 0.010854 4.004137) (xy -0.03945 4.033098) (xy -0.100232 4.068903) (xy -0.157895 4.103484)
      (xy -0.21664 4.138641) (xy -0.266085 4.167501) (xy -0.301127 4.187137) (xy -0.316664 4.194623)
      (xy -0.316772 4.194629) (xy -0.334624 4.202976) (xy -0.371535 4.226206) (xy -0.423477 4.261606)
      (xy -0.486423 4.306458) (xy -0.529771 4.338239) (xy -0.57289 4.372643) (xy -0.623209 4.416581)
      (xy -0.676223 4.465626) (xy -0.727424 4.515352) (xy -0.772307 4.561333) (xy -0.806364 4.599142)
      (xy -0.82509 4.624353) (xy -0.827314 4.630482) (xy -0.838278 4.644228) (xy -0.841358 4.644572)
      (xy -0.85634 4.65543) (xy -0.882614 4.684016) (xy -0.914724 4.724348) (xy -0.917476 4.728029)
      (xy -0.949014 4.770092) (xy -0.973704 4.80239) (xy -0.986539 4.818379) (xy -0.986889 4.818743)
      (xy -1.006279 4.842492) (xy -1.029157 4.876222) (xy -1.048984 4.909534) (xy -1.059221 4.932033)
      (xy -1.059543 4.93427) (xy -1.069247 4.948847) (xy -1.072673 4.949372) (xy -1.085242 4.962019)
      (xy -1.106716 4.996889) (xy -1.134916 5.049377) (xy -1.167663 5.114877) (xy -1.202778 5.188782)
      (xy -1.238082 5.266488) (xy -1.271396 5.343388) (xy -1.300541 5.414876) (xy -1.323338 5.476347)
      (xy -1.326734 5.4864) (xy -1.350229 5.562719) (xy -1.373517 5.647818) (xy -1.395116 5.735176)
      (xy -1.413546 5.818271) (xy -1.427327 5.890584) (xy -1.434978 5.945591) (xy -1.436008 5.967652)
      (xy -1.432408 5.967164)) (layer B.SilkS) (width 0.01))
    (fp_poly (pts (xy 1.070583 3.519652) (xy 1.099081 3.507445) (xy 1.138102 3.487097) (xy 1.180712 3.46241)
      (xy 1.219975 3.437182) (xy 1.245986 3.417775) (xy 1.27267 3.39245) (xy 1.301696 3.360785)
      (xy 1.327545 3.329489) (xy 1.344698 3.305268) (xy 1.347634 3.294831) (xy 1.347189 3.29479)
      (xy 1.333737 3.302239) (xy 1.302894 3.321729) (xy 1.261318 3.34905) (xy 1.261067 3.349218)
      (xy 1.214506 3.382227) (xy 1.165791 3.419885) (xy 1.12055 3.457423) (xy 1.084411 3.490075)
      (xy 1.063001 3.513073) (xy 1.059543 3.519922) (xy 1.070583 3.519652)) (layer B.SilkS) (width 0.01))
    (fp_poly (pts (xy 1.354781 3.402215) (xy 1.384565 3.38437) (xy 1.412894 3.364679) (xy 1.457218 3.332676)
      (xy 1.514243 3.292023) (xy 1.572842 3.250645) (xy 1.582396 3.243943) (xy 1.645771 3.198431)
      (xy 1.684364 3.167928) (xy 1.698134 3.152268) (xy 1.687043 3.151283) (xy 1.651052 3.164804)
      (xy 1.590122 3.192663) (xy 1.572453 3.20114) (xy 1.472188 3.261261) (xy 1.401508 3.32586)
      (xy 1.369093 3.363659) (xy 1.347292 3.392498) (xy 1.340596 3.406408) (xy 1.340743 3.40661)
      (xy 1.354781 3.402215)) (layer B.SilkS) (width 0.01))
    (fp_poly (pts (xy -1.033334 7.197436) (xy -0.951544 7.176898) (xy -0.89458 7.143449) (xy -0.863016 7.097392)
      (xy -0.856343 7.057017) (xy -0.859295 7.02887) (xy -0.870139 6.999972) (xy -0.891853 6.965966)
      (xy -0.927415 6.922495) (xy -0.979805 6.865203) (xy -1.007296 6.836229) (xy -1.153426 6.666353)
      (xy -1.271744 6.491078) (xy -1.36329 6.308195) (xy -1.429105 6.115494) (xy -1.47023 5.910766)
      (xy -1.479146 5.834162) (xy -1.488394 5.738728) (xy -1.495296 5.67154) (xy -1.500087 5.631931)
      (xy -1.503004 5.619234) (xy -1.504282 5.63278) (xy -1.504157 5.671904) (xy -1.502867 5.735937)
      (xy -1.50205 5.769429) (xy -1.497965 5.872673) (xy -1.490716 5.956972) (xy -1.479092 6.032341)
      (xy -1.461886 6.108797) (xy -1.460355 6.114781) (xy -1.392783 6.322652) (xy -1.299867 6.518553)
      (xy -1.180655 6.704196) (xy -1.034195 6.881287) (xy -1.031284 6.884427) (xy -0.973544 6.949256)
      (xy -0.936229 6.998807) (xy -0.917821 7.036807) (xy -0.916804 7.066984) (xy -0.931662 7.093066)
      (xy -0.942132 7.10357) (xy -0.97912 7.122922) (xy -1.036158 7.136636) (xy -1.10462 7.143598)
      (xy -1.175883 7.142695) (xy -1.212692 7.138513) (xy -1.35167 7.102403) (xy -1.485393 7.039795)
      (xy -1.610749 6.953139) (xy -1.724626 6.844886) (xy -1.823912 6.717486) (xy -1.889771 6.605331)
      (xy -1.912383 6.556734) (xy -1.938109 6.49469) (xy -1.963923 6.427356) (xy -1.986802 6.36289)
      (xy -2.003719 6.30945) (xy -2.011361 6.277429) (xy -2.017038 6.241301) (xy -2.025902 6.187964)
      (xy -2.036062 6.128788) (xy -2.03634 6.127198) (xy -2.044112 6.062658) (xy -2.049376 5.977811)
      (xy -2.052062 5.881276) (xy -2.0521 5.781672) (xy -2.049417 5.687619) (xy -2.043944 5.607736)
      (xy -2.040831 5.580743) (xy -2.03351 5.523519) (xy -2.026903 5.466767) (xy -2.025145 5.450115)
      (xy -2.019261 5.407374) (xy -2.009135 5.348155) (xy -1.996815 5.28432) (xy -1.995084 5.275943)
      (xy -1.982678 5.215095) (xy -1.971914 5.159925) (xy -1.964815 5.120845) (xy -1.964076 5.116286)
      (xy -1.9564 5.07738) (xy -1.948901 5.050972) (xy -1.939367 5.022655) (xy -1.937258 5.014686)
      (xy -1.924613 4.963794) (xy -1.909097 4.908583) (xy -1.893206 4.857131) (xy -1.879437 4.817516)
      (xy -1.870287 4.797815) (xy -1.870184 4.797698) (xy -1.861539 4.774539) (xy -1.857831 4.737806)
      (xy -1.857828 4.736869) (xy -1.85433 4.702176) (xy -1.845856 4.682474) (xy -1.845305 4.682088)
      (xy -1.834513 4.664579) (xy -1.821059 4.628671) (xy -1.814076 4.605032) (xy -1.793034 4.538956)
      (xy -1.764201 4.472949) (xy -1.740404 4.426858) (xy -1.704438 4.360425) (xy -1.677564 4.312294)
      (xy -1.655459 4.275023) (xy -1.633801 4.241169) (xy -1.624052 4.226559) (xy -1.600273 4.189953)
      (xy -1.585051 4.16409) (xy -1.582057 4.156996) (xy -1.574125 4.142597) (xy -1.553256 4.111445)
      (xy -1.523843 4.070078) (xy -1.521607 4.067009) (xy -1.459815 3.98521) (xy -1.389903 3.898375)
      (xy -1.309961 3.8044) (xy -1.218081 3.701177) (xy -1.112354 3.586599) (xy -0.99087 3.458562)
      (xy -0.851721 3.314957) (xy -0.703328 3.164115) (xy -0.603817 3.063409) (xy -0.508774 2.966953)
      (xy -0.420527 2.877129) (xy -0.341406 2.79632) (xy -0.27374 2.726908) (xy -0.219857 2.671276)
      (xy -0.182087 2.631808) (xy -0.164235 2.612572) (xy -0.106737 2.544364) (xy -0.044733 2.465169)
      (xy 0.016022 2.382825) (xy 0.06977 2.30517) (xy 0.110753 2.240043) (xy 0.115594 2.231572)
      (xy 0.141082 2.183598) (xy 0.153155 2.155834) (xy 0.152138 2.149811) (xy 0.138361 2.167064)
      (xy 0.112149 2.209125) (xy 0.111161 2.210808) (xy 0.051771 2.30133) (xy -0.028945 2.406456)
      (xy -0.131341 2.526569) (xy -0.255768 2.662047) (xy -0.402581 2.813274) (xy -0.572131 2.980629)
      (xy -0.764772 3.164495) (xy -0.819155 3.215491) (xy -0.964891 3.353264) (xy -1.096464 3.48086)
      (xy -1.21226 3.596631) (xy -1.310662 3.698932) (xy -1.390055 3.786114) (xy -1.448823 3.85653)
      (xy -1.45202 3.860655) (xy -1.482732 3.899314) (xy -1.508269 3.929363) (xy -1.519001 3.940484)
      (xy -1.536241 3.960346) (xy -1.565482 3.998806) (xy -1.602784 4.050201) (xy -1.644207 4.108869)
      (xy -1.685813 4.169145) (xy -1.72366 4.225369) (xy -1.753809 4.271877) (xy -1.772321 4.303006)
      (xy -1.774971 4.308397) (xy -1.789972 4.338736) (xy -1.800477 4.354286) (xy -1.810804 4.370599)
      (xy -1.828263 4.404835) (xy -1.841993 4.434115) (xy -1.863175 4.480741) (xy -1.881182 4.520371)
      (xy -1.888157 4.535715) (xy -1.903146 4.572905) (xy -1.922481 4.626291) (xy -1.942474 4.685038)
      (xy -1.959439 4.738313) (xy -1.969668 4.7752) (xy -1.979812 4.808646) (xy -1.98819 4.826)
      (xy -1.998049 4.847039) (xy -2.012633 4.886104) (xy -2.024111 4.920343) (xy -2.041447 4.977214)
      (xy -2.053213 5.025121) (xy -2.06339 5.08088) (xy -2.066125 5.097848) (xy -2.074807 5.125038)
      (xy -2.080085 5.132924) (xy -2.087843 5.153852) (xy -2.090057 5.178157) (xy -2.09377 5.212569)
      (xy -2.103228 5.260853) (xy -2.109953 5.288224) (xy -2.126611 5.35592) (xy -2.1408 5.422949)
      (xy -2.151395 5.482801) (xy -2.157271 5.528964) (xy -2.157304 5.554928) (xy -2.156433 5.557254)
      (xy -2.154907 5.578382) (xy -2.161465 5.612941) (xy -2.16198 5.614767) (xy -2.167731 5.652278)
      (xy -2.160854 5.668926) (xy -2.155027 5.68604) (xy -2.159509 5.694521) (xy -2.166245 5.718012)
      (xy -2.169022 5.758883) (xy -2.168479 5.783943) (xy -2.166059 5.83738) (xy -2.163579 5.904242)
      (xy -2.161804 5.962019) (xy -2.15876 6.014575) (xy -2.153381 6.054851) (xy -2.146773 6.074896)
      (xy -2.146045 6.075508) (xy -2.139126 6.092152) (xy -2.140667 6.095693) (xy -2.141926 6.116449)
      (xy -2.136819 6.157379) (xy -2.127033 6.210767) (xy -2.114255 6.268899) (xy -2.100172 6.324058)
      (xy -2.08647 6.368529) (xy -2.075543 6.393543) (xy -2.065902 6.415336) (xy -2.052275 6.453626)
      (xy -2.045917 6.473372) (xy -1.99044 6.609954) (xy -1.912209 6.742708) (xy -1.815811 6.866241)
      (xy -1.705835 6.975156) (xy -1.586868 7.06406) (xy -1.504959 7.109485) (xy -1.421296 7.14813)
      (xy -1.355129 7.174883) (xy -1.298504 7.191817) (xy -1.243469 7.201003) (xy -1.18207 7.204515)
      (xy -1.139371 7.204764) (xy -1.033334 7.197436)) (layer B.SilkS) (width 0.01))
    (fp_poly (pts (xy 0.174172 2.126343) (xy 0.166915 2.119086) (xy 0.159657 2.126343) (xy 0.166915 2.1336)
      (xy 0.174172 2.126343)) (layer B.SilkS) (width 0.01))
    (fp_poly (pts (xy 1.508293 2.105262) (xy 1.524985 2.074541) (xy 1.547421 2.027119) (xy 1.573325 1.968215)
      (xy 1.600421 1.903049) (xy 1.626431 1.83684) (xy 1.649081 1.774807) (xy 1.654449 1.759078)
      (xy 1.673278 1.696143) (xy 1.691917 1.622192) (xy 1.709092 1.543879) (xy 1.723524 1.467858)
      (xy 1.733937 1.400782) (xy 1.739053 1.349306) (xy 1.738231 1.322526) (xy 1.733792 1.323885)
